Likelihood Function's Current Value = -35291.582392879
w=0.5735987989771251
t=0.3459017021897314
k=3.360196880724906